 2000 -0.915527
134651 2144 2160 13456  -31 24 -20  2000 -0.946045
134672 2288 2096 13480  -31 24 -20  2000 -0.946045
134692 2184 2144 13552  -30 24 -20  2000 -0.915527
134712 2176 2224 13480  -30 24 -20  2000 -0.915527
134732 2192 2264 13376  -31 24 -20  2000 -0.946045
134753 2184 2240 13480  -31 24 -19  2000 -0.946045
134773 2288 2200 13424  -30 23 -19  2000 -0.915527
134793 2248 2296 13184  -29 24 -19  2000 -0.885010
134813 2240 2376 13392  -30 23 -19  2000 -0.915527
134833 2392 2312 13504  -30 23 -19  2000 -0.915527
134854 2272 2232 13544  -31 23 -19  2000 -0.946045
134874 2200 2192 13096  -30 25 -19  2000 -0.915527
134894 2192 2256 13432  -30 25 -19  2000 -0.915527
134914 2248 2200 13336  -30 24 -19  2000 -0.915527
134935 2120 2352 13528  -30 25 -19  2000 -0.915527
134955 2216 2288 13296  -30 24 -20  2000 -0.915527
134975 2272 2256 13392  -31 23 -19  2000 -0.946045
134995 2064 2256 13360  -30 24 -19  2000 -0.915527
135016 2208 2256 13640  -31 24 -19  2000 -0.946045
135036 2256 2296 13344  -31 25 -19  2000 -0.946045
135056 2224 2272 13504  -30 25 -19  2000 -0.915527
135076 2216 2296 13408  -29 24 -20  2000 -0.885010
135097 2264 2152 13304  -30 24 -20  2000 -0.915527
135117 2152 2120 13376  -30 24 -20  2000 -0.915527
135137 2152 2200 13376  -30 24 -20  2000 -0.915527
135157 2248 2200 13416  -29 24 -20  2000 -0.885010
135177 2240 2152 13496  -30 25 -19  2000 -0.915527
135198 2248 2272 13512  -30 24 -19  2000 -0.915527
135218 2232 2080 13312  -29 24 -20  2000 -0.885010
135238 2336 2240 13320  -29 24 -19  2000 -0.885010
135258 2208 2184 13544  -30 24 -18  2000 -0.915527
135279 2160 2360 13352  -31 24 -18  2000 -0.946045
135299 2320 2160 13456  -31 25 -19  2000 -0.946045
135319 2288 2264 13496  -30 24 -19  2000 -0.915527
135339 2296 2176 13520  -30 25 -19  2000 -0.915527
135360 2208 2112 13520  -30 24 -19  2000 -0.915527
135380 2192 2120 13264  -30 24 -19  2000 -0.915527
135400 2136 2456 13344  -30 24 -19  2000 -0.915527
135420 2248 2152 13504  -31 24 -20  2000 -0.946045
135441 2168 2272 13568  -32 24 -18  2000 -0.976562
135461 2216 2304 13480  -31 24 -19  2000 -0.946045
135481 2272 2168 13320  -31 24 -20  2000 -0.946045
135501 2224 2432 13536  -31 24 -19  2000 -0.946045
135521 2160 2224 13416  -29 24 -19  2000 -0.885010
135542 2312 2200 13512  -30 24 -18  2000 -0.915527
135562 2208 2256 13680  -31 25 -19  2000 -0.946045
135582 2216 2304 13432  -31 25 -19  2000 -0.946045
135602 2320 2264 13552  -30 25 -18  2000 -0.915527
135623 2256 2216 13512  -30 24 -19  2000 -0.915527
135643 2296 2128 13464  -30 24 -20  2000 -0.915527
135663 2312 2192 13320  -30 24 -19  2000 -0.915527
135683 2264 2224 13456  -30 24 -19  2000 -0.915527
135704 2168 2048 13496  -30 24 -20  2000 -0.915527
135724 2336 2176 13328  -30 24 -19  2000 -0.915527
135744 2376 2152 13560  -30 24 -20  2000 -0.915527
135764 2184 2288 13464  -30 24 -20  2000 -0.915527
135785 2208 2256 13328  -30 24 -20  2000 -0.915527
135805 2168 2200 13408  -30 24 -21  2000 -0.915527
135825 2328 2216 13296  -30 25 -20  2000 -0.915527
135845 2176 2232 13328  -31 25 -19  2000 -0.946045
135865 2392 2168 13432  -31 24 -19  2000 -0.946045
135886 2232 2264 13464  -30 25 -19  2000 -0.915527
135906 2296 2088 13360  -30 24 -20  2000 -0.915527
135926 2160 2208 13424  -30 25 -19  2000 -0.915527
135946 2224 2112 13456  -30 24 -19  2000 -0.915527
135967 2104 2224 13520  -30 24 -19  2000 -0.915527
135987 2240 2128 13296  -31 24 -18  2000 -0.946045
136007 2336 2216 13336  -30 25 -19  2000 -0.915527
136027 2336 2288 13384  -30 24 -19  2000 -0.915527
136048 2184 2272 13352  -31 24 -19  2000 -0.946045
136068 2200 2176 13560  -30 23 -19  2000 -0.915527
136088 2272 2216 13464  -30 24 -19  2000 -0.915527
136108 2144 2272 13456  -30 24 -19  2000 -0.915527
136129 2224 2216 13344  -30 24 -19  2000 -0.915527
136149 2208 2168 13400  -30 25 -19  2000 -0.915527
136169 2200 2296 13576  -31 25 -20  2000 -0.946045
136189 2360 2208 13384  -30 25 -20  2000 -0.915527
136210 2232 2336 13584  -30 24 -19  2000 -0.915527
136230 2240 2256 13096  -31 24 -20  2000 -0.946045
136250 2136 2128 13336  -30 23 -20  2000 -0.915527
136270 2336 2168 13368  -30 23 -19  2000 -0.915527
136290 2376 2200 13440  -30 24 -19  2000 -0.915527
136311 2208 2200 13360  -31 25 -19  2000 -0.946045
136331 2232 2256 13416  -31 25 -18  2000 -0.946045
136351 2288 2096 13480  -31 25 -19  2000 -0.946045
136371 2208 2120 13632  -30 24 -20  2000 -0.915527
136392 2264 2168 13592  -31 25 -20  2000 -0.946045
136412 2376 2128 13544  -30 24 -20  2000 -0.915527
136432 2208 2136 13088  -30 23 -19  2000 -0.915527
136452 2240 2344 13328  -30 23 -19  2000 -0.915527
136473 2216 2296 13464  -31 23 -19  2000 -0.946045
136493 2360 2368 13344  -30 24 -19  2000 -0.915527
136513 2168 2240 13464  -31 24 -18  2000 -0.946045
136533 2192 2048 13288  -31 24 -20  2000 -0.946045
136554 2256 2264 13384  -30 24 -20  2000 -0.915527
136574 2224 2216 13248  -31 23 -19  2000 -0.946045
136594 2224 2208 13464  -30 23 -19  2000 -0.915527
136614 2352 2328 13680  -31 24 -19  2000 -0.946045
136634 2248 2304 13344  -30 24 -20  2000 -0.915527
136655 2096 2104 13536  -30 25 -19  2000 -0.915527
136675 2336 2264 13344  -31 23 -19  2000 -0.946045
136695 2264 2328 13776  -30 24 -19  2000 -0.915527
136715 2248 2280 13344  -30 23 -19  2000 -0.915527
136736 2232 2384 13352  -31 24 -19  2000 -0.946045
136756 2216 2280 13408  -31 25 -19  2000 -0.946045
136776 2224 2176 13424  -31 24 -20  2000 -0.946045
136796 2280 2136 13536  -30 23 -19  2000 -0.915527
136817 2216 2120 13568  -29 24 -19  2000 -0.885010
136837 2168 2048 13480  -29 24 -19  2000 -0.885010
136857 2176 2184 13256  -30 25 -20  2000 -0.915527
136877 2256 2128 13552  -31 23 -19  2000 -0.946045
136898 2208 2192 13312  -30 24 -19  2000 -0.915527
136918 2288 2256 13448  -30 25 -19  2000 -0.915527
136938 2208 2216 13648  -30 24 -19  2000 -0.915527
136958 2176 2208 13400  -30 24 -19  2000 -0.915527
136978 2248 2120 13736  -30 24 -19  2000 -0.915527
136999 2112 2232 13448  -30 24 -19  2000 -0.915527
137019 2128 2104 13568  -30 24 -19  2000 -0.915527
137039 2224 2096 13352  -29 24 -20  2000 -0.885010
137059 2184 2192 13216  -30 24 -19  2000 -0.915527
137080 2064 2256 13400  -29 24 -19  2000 -0.885010
137100 2160 2176 13520  -29 24 -18  2000 -0.885010
137120 2128 2280 13336  -31 24 -19  2000 -0.946045
137140 2184 2168 13312  -31 25 -19  2000 -0.946045
137161 2144 2160 13424  -30 24 -18  2000 -0.915527
137181 2168 2184 13488  -29 24 -19  2000 -0.885010
137201 2192 2264 13552  -30 25 -19  2000 -0.915527
137221 2208 2224 13320  -30 25 -19  2000 -0.915527
137242 2200 2280 13392  -30 25 -19  2000 -0.915527
137262 2200 2216 13464  -31 24 -20  2000 -0.946045
137282 2192 2240 13368  -31 24 -19  2000 -0.946045
137302 2272 2144 13560  -30 25 -20  2000 -0.915527
137322 2128 2344 13480  -29 24 -18  2000 -0.885010
137343 2224 2216 13280  -30 25 -19  2000 -0.915527
137363 2168 2232 13448  -30 24 -19  2000 -0.915527
137383 2272 2208 13416  -31 24 -19  2000 -0.946045
137403 2320 2208 13656  -31 24 -19  2000 -0.946045
137424 2248 2224 13208  -31 24 -20  2000 -0.946045
137444 2248 2200 12888  -30 24 -19  2000 -0.915527
137464 2160 2320 13416  -31 24 -20  2000 -0.946045
137484 2072 2264 13488  -30 24 -19  2000 -0.915527
137505 1976 2384 13464  -31 24 -20  2000 -0.946045
137525 2128 2104 13632  -31 23 -20  2000 -0.946045
137545 2144 2240 13336  -31 24 -19  2000 -0.946045
137565 2240 2144 13448  -31 24 -19  2000 -0.946045
137586 2232 2208 13384  -32 25 -19  2000 -0.976562
137606 2336 2336 13536  -32 24 -19  2000 -0.976562
137626 2240 2216 13608  -31 24 -20  2000 -0.946045
137646 2264 2184 13280  -31 24 -19  2000 -0.946045
137666 2168 2296 13392  -31 25 -20  2000 -0.946045
137687 2248 2280 13376  -30 24 -19  2000 -0.915527
137707 2240 2072 13360  -31 24 -20  2000 -0.946045
137727 2296 2160 13552  -31 24 -19  2000 -0.946045
137747 2240 2192 13344  -29 24 -19  2000 -0.885010
137768 2264 2176 13576  -30 23 -19  2000 -0.915527
137788 2144 2232 13392  -31 25 -19  2000 -0.946045
137808 2144 2296 13344  -31 24 -19  2000 -0.946045
137828 2264 2240 13688  -32 24 -19  2000 -0.976562
137849 2216 2232 13496  -30 24 -18  2000 -0.915527
137869 2168 2232 13408  -30 24 -19  2000 -0.915527
137889 2168 2296 13416  -31 24 -19  2000 -0.946045
137909 2256 2336 13288  -31 25 -20  2000 -0.946045
137930 2192 2240 13288  -30 24 -20  2000 -0.915527
137950 2176 2280 13504  -31 23 -20  2000 -0.946045
137970 2200 2400 13424  -31 24 -19  2000 -0.946045
137990 2352 2152 13296  -31 24 -19  2000 -0.946045
138011 2264 2272 13456  -30 24 -20  2000 -0.915527
138031 2216 2152 13288  -30 25 -20  2000 -0.915527
138051 2216 2192 13544  -30 24 -20  2000 -0.915527
138071 2272 2328 13256  -30 24 -19  2000 -0.915527
138091 2264 2264 13344  -31 23 -19  2000 -0.946045
138112 2240 2200 13552  -31 24 -19  2000 -0.946045
138132 2200 2160 13384  -31 25 -19  2000 -0.946045
138152 2184 2360 13512  -31 24 -20  2000 -0.946045
138172 2176 2112 13328  -31 24 -19  2000 -0.946045
138193 2248 2352 13312  -30 24 -19  2000 -0.915527
138213 2240 2208 13328  -30 24 -19  2000 -0.915527
138233 2288 2184 13184  -30 24 -19  2000 -0.915527
138253 2336 2208 13304  -30 24 -20  2000 -0.915527
138274 2216 2144 13088  -30 25 -20  2000 -0.915527
138294 2240 2200 13280  -31 24 -20  2000 -0.946045
138314 2248 2152 13608  -30 23 -19  2000 -0.915527
138334 2232 2192 13448  -30 24 -19  2000 -0.915527
138355 2328 2216 13544  -30 24 -19  2000 -0.915527
138375 2120 2304 13576  -29 24 -19  2000 -0.885010
138395 2184 2208 13632  -30 25 -19  2000 -0.915527
138415 2240 2144 13584  -29 25 -19  2000 -0.885010
138435 2208 2160 13664  -30 24 -20  2000 -0.915527
138456 2248 2160 13312  -30 24 -20  2000 -0.915527
138476 2312 2320 13304  -30 24 -20  2000 -0.915527
138496 2264 2056 13392  -29 24 -18  2000 -0.885010
138516 2160 2224 13384  -30 23 -19  2000 -0.915527
138537 2192 2280 13368  -30 24 -18  2000 -0.915527
138557 2272 2128 13528  -30 25 -19  2000 -0.915527
138577 2392 2328 13480  -31 24 -19  2000 -0.946045
138597 2336 2280 13568  -31 25 -19  2000 -0.946045
138618 2248 2280 13384  -31 24 -19  2000 -0.946045
138638 2288 2280 13504  -30 24 -19  2000 -0.915527
138658 2152 2104 13456  -30 25 -18  2000 -0.915527
138678 2096 2168 13464  -30 24 -19  2000 -0.915527
138699 2160 2184 13640  -31 24 -19  2000 -0.946045
138719 2240 2264 13488  -31 23 -20  2000 -0.946045
138739 2128 2128 13536  -31 24 -19  2000 -0.946045
138759 2248 2128 13320  -30 24 -20  2000 -0.915527
138779 2264 2264 13368  -30 25 -20  2000 -0.915527
138800 2272 2184 13408  -31 25 -20  2000 -0.946045
138820 2344 2288 13384  -30 25 -19  2000 -0.915527
138840 2208 2184 13368  -30 23 -19  2000 -0.915527
138860 2296 2232 13520  -30 23 -19  2000 -0.915527
138881 2216 2320 13488  -31 24 -20  2000 -0.946045
138901 2200 2200 13280  -31 23 -19  2000 -0.946045
138921 2256 2104 13416  -30 23 -19  2000 -0.915527
138941 2240 2208 13248  -31 24 -19  2000 -0.946045
138962 2096 2216 13560  -30 24 -19  2000 -0.915527
138982 2264 2176 13400  -30 24 -19  2000 -0.915527
139002 2232 2224 13232  -31 24 -19  2000 -0.946045
139022 2232 2304 13368  -31 24 -19  2000 -0.946045
139043 2120 2240 13360  -31 25 -19  2000 -0.946045
139063 2288 2136 13392  -31 24 -20  2000 -0.946045
139083 2272 2288 13504  -31 24 -20  2000 -0.946045
139103 2176 1928 13632  -31 25 -20  2000 -0.946045
139123 2096 2168 13448  -31 24 -19  2000 -0.946045
139144 2232 2200 13608  -31 23 -18  2000 -0.946045
139164 2240 2152 13336  -31 23 -20  2000 -0.946045
139184 2120 2264 13200  -30 23 -20  2000 -0.915527
139204 2280 2176 13448  -30 24 -19  2000 -0.915527
139225 2328 2184 13424  -30 24 -19  2000 -0.915527
139245 2280 2280 13544  -31 24 -19  2000 -0.946045
139265 2176 2336 13480  -30 23 -20  2000 -0.915527
139285 2112 2136 13312  -31 23 -20  2000 -0.946045
139306 2136 2384 13496  -31 24 -21  2000 -0.946045
139326 2152 2336 13432  -31 24 -20  2000 -0.946045
139346 2232 2376 13296  -30 24 -20  2000 -0.915527
139366 2120 2264 13264  -30 24 -20  2000 -0.915527
139387 2192 2160 13384  -30 25 -19  2000 -0.915527
139407 2216 2224 13480  -30 24 -19  2000 -0.915527
139427 2328 2192 13336  -30 24 -19  2000 -0.915527
139447 2176 2120 13168  -30 24 -19  2000 -0.915527
139468 2160 2272 13464  -30 24 -20  2000 -0.915527
139488 2224 2232 13744  -29 24 -20  2000 -0.885010
139508 2216 2152 13608  -30 24 -20  2000 -0.915527
139528 2256 2400 13296  -31 24 -20  2000 -0.946045
139548 2296 2240 13352  -30 23 -19  2000 -0.915527
139569 2272 2256 13536  -30 24 -20  2000 -0.915527
139589 2216 2168 13616  -30 24 -18  2000 -0.915527
139609 2344 2192 13424  -30 25 -19  2000 -0.915527
139629 2192 2096 13344  -31 24 -19  2000 -0.946045
139650 2272 2288 13400  -31 25 -20  2000 -0.946045
139670 2280 2008 13416  -30 24 -19  2000 -0.915527
139690 2320 2264 13672  -31 24 -19  2000 -0.946045
139710 2232 2160 13400  -31 24 -19  2000 -0.946045
139731 2232 2128 13448  -29 24 -20  2000 -0.885010
139751 2104 2288 13424  -30 25 -19  2000 -0.915527
139771 2296 2048 13440  -29 25 -19  2000 -0.885010
139791 2312 2200 13416  -29 25 -19  2000 -0.885010
139812 2192 2288 13536  -30 24 -20  2000 -0.915527
139832 2240 2200 13360  -30 24 -19  2000 -0.915527
139852 2240 2296 13416  -30 25 -19  2000 -0.915527
139872 2064 2168 13376  -30 25 -19  2000 -0.915527
139892 2208 2280 13264  -30 25 -19  2000 -0.915527
139913 2320 2152 13400  -30 25 -18  2000 -0.915527
139933 2288 2160 13440  -30 25 -20  2000 -0.915527
139953 2128 2240 13464  -30 24 -19  2000 -0.915527
139973 2256 2416 13384  -29 24 -19  2000 -0.885010
139994 2232 2208 13448  -30 24 -20  2000 -0.915527
140014 2272 2312 13456  -30 24 -19  2000 -0.915527
140034 2336 2208 13312  -30 24 -19  2000 -0.915527
140054 2168 2192 13488  -30 23 -19  2000 -0.915527
140075 2192 2272 13328  -31 24 -20  2000 -0.946045
140095 2208 2184 13352  -30 24 -19  2000 -0.915527
140115 2344 2152 13392  -29 24 -19  2000 -0.885010
140135 2104 2160 13448  -29 24 -19  2000 -0.885010
140156 2280 2344 13536  -31 24 -20  2000 -0.946045
140176 2288 2288 13416  -29 24 -19  2000 -0.885010
140196 2168 2192 13544  -29 24 -20  2000 -0.885010
140216 2192 2328 13568  -29 24 -20  2000 -0.885010
140236 2288 2104 13384  -29 25 -19  2000 -0.885010
140257 2096 2152 13616  -29 24 -19  2000 -0.885010
140277 2184 2216 13504  -30 24 -18  2000 -0.915527
140297 2088 2232 13448  -30 23 -19  2000 -0.915527
140317 2336 2144 13608  -30 24 -19  2000 -0.915527
140338 2232 2112 13552  -30 24 -19  2000 -0.915527
140358 2264 2168 13304  -30 23 -20  2000 -0.915527
140378 2176 2136 13632  -30 23 -19  2000 -0.915527
140398 2144 2344 13424  -30 24 -20  2000 -0.915527
140419 2184 2208 13632  -29 25 -20  2000 -0.885010
140439 2312 2120 13512  -31 24 -19  2000 -0.946045
140459 2320 2216 13464  -30 24 -19  2000 -0.915527
140479 2184 2152 13328  -29 24 -19  2000 -0.885010
140500 2320 2184 13528  -29 24 -19  2000 -0.885010
140520 2176 2264 13400  -29 24 -20  2000 -0.885010
140540 2104 2368 13416  -30 24 -20  2000 -0.915527
140560 2240 2296 13528  -30 25 -19  2000 -0.915527
140580 2088 2264 13424  -30 24 -19  2000 -0.915527
140601 2144 2368 13520  -30 23 -19  2000 -0.915527
140621 2224 2184 13560  -30 25 -20  2000 -0.915527
140641 2280 2280 13496  -30 25 -19  2000 -0.915527
140661 2184 2336 13440  -31 24 -19  2000 -0.946045
140682 2280 2256 13456  -31 25 -19  2000 -0.946045
140702 2232 2112 13464  -30 24 -19  2000 -0.915527
140722 2400 2136 13288  -29 24 -19  2000 -0.885010
140742 2232 2264 13376  -30 24 -18  2000 -0.915527
140763 2224 2208 13352  -30 24 -19  2000 -0.915527
140783 2208 2200 13432  -29 24 -19  2000 -0.885010
140803 2192 2168 13664  -31 24 -20  2000 -0.946045
140823 2112 2280 13368  -31 23 -19  2000 -0.946045
140844 2264 2192 13384  -31 23 -19  2000 -0.946045
140864 2272 2224 13496  -31 24 -19  2000 -0.946045
140884 2184 2288 13184  -30 25 -19  2000 -0.915527
140904 2200 2216 13512  -30 25 -19  2000 -0.915527
140925 2208 2208 13384  -30 24 -20  2000 -0.915527
140945 2288 2104 13288  -30 23 -20  2000 -0.915527
140965 2288 2168 13360  -29 23 -20  2000 -0.885010
140985 2136 2368 13608  -31 24 -18  2000 -0.946045
141005 2064 2216 13376  -31 23 -19  2000 -0.946045
141026 2288 2240 13696  -30 25 -19  2000 -0.915527
141046 2160 2176 13560  -30 24 -20  2000 -0.915527
141066 2296 2136 13504  -31 25 -20  2000 -0.946045
141086 2368 2360 13544  -30 24 -18  2000 -0.915527
141107 2184 2280 13528  -31 24 -19  2000 -0.946045
141127 2384 2160 13464  -30 25 -19  2000 -0.915527
141147 2240 2176 13544  -30 24 -19  2000 -0.915527
141167 2272 2216 13408  -30 24 -19  2000 -0.915527
141188 2256 2144 13592  -30 24 -19  2000 -0.915527
141208 2216 2288 13408  -30 24 -19  2000 -0.915527
141228 2216 2368 13336  -30 24 -19  2000 -0.915527
141248 2328 2240 13392  -31 24 -20  2000 -0.946045
141269 2240 2208 13416  -31 24 -19  2000 -0.946045
141289 2176 2352 13288  -30 24 -20  2000 -0.915527
141309 2208 2272 13488  -31 24 -19  2000 -0.946045
141329 2176 2128 13304  -31 24 -18  2000 -0.946045
141349 2176 2320 13520  -30 24 -19  2000 -0.915527
141370 2200 2080 13264  -30 24 -19  2000 -0.915527
141390 2352 2208 13344  -31 24 -19  2000 -0.946045
141410 2136 2336 13448  -30 24 -19  2000 -0.915527
141430 2176 2256 13608  -30 24 -19  2000 -0.915527
141451 2120 2144 13504  -30 23 -19  2000 -0.915527
141471 2184 2232 13248  -31 24 -19  2000 -0.946045
141491 2280 2320 13544  -30 24 -19  2000 -0.915527
141511 2224 2168 13672  -30 24 -20  2000 -0.915527
141532 2152 2064 13392  -30 24 -19  2000 -0.915527
141552 2168 2168 13272  -30 25 -19  2000 -0.915527
141572 2264 2264 13448  -30 24 -19  2000 -0.915527
141592 2072 2304 13528  -30 23 -19  2000 -0.915527
141613 2240 2320 13352  -30 24 -19  2000 -0.915527
141633 2184 2416 13296  -30 24 -20  2000 -0.915527
141653 2336 2264 13448  -31 24 -19  2000 -0.946045
141673 2312 2208 13488  -30 24 -19  2000 -0.915527
141693 2064 2224 13352  -30 24 -19  2000 -0.915527
141714 2272 2224 13728  -29 24 -19  2000 -0.885010
141734 2232 2168 13488  -30 24 -19  2000 -0.915527
141754 2232 2328 13208  -30 25 -20  2000 -0.915527
141774 2192 2144 13648  -29 24 -19  2000 -0.885010
141795 2136 2280 13720  -29 24 -19  2000 -0.885010
141815 2208 2336 13264  -30 24 -19  2000 -0.915527
141835 2272 2192 13416  -30 23 -20  2000 -0.915527
141855 2160 2384 13232  -31 22 -19  2000 -0.946045
141876 2296 2208 13504  -30 24 -19  2000 -0.915527
141896 2240 2184 13496  -30 24 -20  2000 -0.915527
141916 2160 2200 13544  -31 24 -19  2000 -0.946045
141936 2352 2216 13528  -31 24 -19  2000 -0.946045
141957 2288 2360 13184  -30 23 -19  2000 -0.915527
141977 2312 2304 13608  -30 24 -18  2000 -0.915527
141997 2096 2304 13544  -29 24 -19  2000 -0.885010
142017 2328 2232 13336  -29 24 -20  2000 -0.885010
142037 2072 2288 13432  -30 24 -19  2000 -0.915527
142058 2208 2312 13304  -29 24 -19  2000 -0.885010
142078 2240 2256 13360  -29 24 -18  2000 -0.885010
142098 2072 2128 13584  -29 24 -18  2000 -0.885010
142118 2216 2120 13544  -29 24 -20  2000 -0.885010
142139 2256 2344 13368  -30 24 -19  2000 -0.915527
142159 2184 2256 13408  -29 24 -19  2000 -0.885010
142179 2272 2176 13184  -30 24 -20  2000 -0.915527
142199 2224 2208 13416  -31 24 -19  2000 -0.946045
142220 2112 2288 13592  -29 23 -19  2000 -0.885010
142240 2208 2232 13552  -30 23 -19  2000 -0.915527
142260 2264 2176 13232  -31 24 -20  2000 -0.946045
142280 2272 2192 13536  -30 23 -19  2000 -0.915527
142301 2184 2144 13464  -29 25 -19  2000 -0.885010
142321 2368 2120 13448  -30 25 -20  2000 -0.915527
142341 2336 2296 13392  -30 24 -19  2000 -0.915527
142361 2248 2200 13624  -31 25 -20  2000 -0.946045
142382 2352 2272 13496  -31 24 -20  2000 -0.946045
142402 2144 2288 13552  -30 23 -19  2000 -0.915527
142422 2128 2216 13424  -30 24 -19  2000 -0.915527
142442 2240 2144 13592  -29 24 -19  2000 -0.885010
142462 2272 2128 13528  -29 24 -18  2000 -0.885010
142483 2192 2328 13384  -29 24 -20  2000 -0.885010
142503 2272 2264 13504  -30 24 -19  2000 -0.915527
142523 2280 2256 13312  -30 24 -19  2000 -0.915527
142543 2128 2240 13648  -29 23 -19  2000 -0.885010
142564 2288 2232 13632  -31 24 -20  2000 -0.946045
142584 2240 2128 13512  -30 25 -20  2000 -0.915527
142604 2248 2176 13408  -29 25 -19  2000 -0.885010
142624 2272 2296 13400  -30 24 -20  2000 -0.915527
142645 2272 2272 13624  -29 24 -20  2000 -0.885010
142665 2184 2240 13352  -30 24 -19  2000 -0.915527
142685 2176 2176 13120  -30 24 -20  2000 -0.915527
142705 2232 2288 13704  -30 24 -19  2000 -0.915527
142726 2256 2424 13488  -30 23 -19  2000 -0.915527
142746 2168 2208 13344  -30 24 -19  2000 -0.915527
142766 2144 2272 13424  -30 25 -19  2000 -0.915527
142786 2160 2224 13568  -30 24 -18  2000 -0.915527
142806 2064 2312 13288  -31 24 -19  2000 -0.946045
142827 2176 2336 13344  -31 24 -19  2000 -0.946045
142847 2440 2152 13456  -29 24 -20  2000 -0.885010
142867 2168 2360 13248  -31 24 -18  2000 -0.946045
142887 2232 2184 13176  -30 24 -18  2000 -0.915527
142908 2296 2192 13384  -30 25 -19  2000 -0.915527
142928 2288 2224 13496  -30 25 -19  2000 -0.915527
142948 2192 2304 13488  -30 25 -19  2000 -0.915527
142968 2384 2208 13672  -30 25 -19  2000 -0.915527
142989 2256 2184 13560  -30 25 -19  2000 -0.915527
143009 2216 2336 13352  -31 24 -19  2000 -0.946045
143029 2224 2200 13240  -30 23 -19  2000 -0.915527
143049 2208 2304 13464  -30 25 -19  2000 -0.915527
143070 2184 2240 13344  -30 24 -18  2000 -0.915527
143090 2088 2152 13440  -30 23 -19  2000 -0.915527
143110 2392 2304 13456  -31 23 -19  2000 -0.946045
143130 2432 2216 13272  -30 24 -19  2000 -0.915527
143150 2256 2152 13264  -31 24 -20  2000 -0.946045
143171 2184 2216 13328  -30 24 -18  2000 -0.915527
143191 2160 2160 13312  -30 24 -19  2000 -0.915527
143211 2160 2072 13504  -30 25 -19  2000 -0.915527
143231 2312 2256 13328  -31 25 -20  2000 -0.946045
143252 2224 2200 13560  -29 24 -19  2000 -0.885010
143272 2232 2152 13384  -29 24 -19  2000 -0.885010
143292 2088 2176 13512  -30 24 -20  2000 -0.915527
143312 2088 2160 13600  -30 23 -20  2000 -0.915527
143333 2224 2160 13528  -30 25 -20  2000 -0.915527
143353 2256 2224 13376  -30 24 -19  2000 -0.915527
143373 2312 2192 13424  -29 25 -19  2000 -0.885010
143393 2192 2224 13528  -30 24 -19  2000 -0.915527
143414 2256 2168 13544  -30 25 -19  2000 -0.915527
143434 2232 2328 13560  -31 24 -19  2000 -0.946045
143454 2312 2168 13520  -31 25 -19  2000 -0.946045
143474 2240 2168 13512  -31 24 -19  2000 -0.946045
143495 2200 2224 13384  -31 24 -19  2000 -0.946045
143515 2360 2160 13336  -30 24 -19  2000 -0.915527
143535 2176 2296 13448  -29 23 -20  2000 -0.885010
143555 2184 2120 13448  -30 24 -19  2000 -0.915527
143575 2200 2232 13384  -30 25 -19  2000 -0.915527
143596 2224 2160 13344  -30 25 -19  2000 -0.915527
143616 2264 2360 13440  -29 24 -19  2000 -0.885010
143636 2032 2104 13424  -30 24 -19  2000 -0.915527
143656 2248 2128 13536  -30 23 -19  2000 -0.915527
143677 2312 2192 13384  -30 24 -19  2000 -0.915527
143697 2152 2296 13312  -30 24 -18  2000 -0.915527
143717 2224 2224 13224  -30 24 -19  2000 -0.915527
143737 2240 2168 13384  -30 24 -19  2000 -0.915527
143758 2240 2264 13464  -31 24 -19  2000 -0.946045
143778 2136 2184 13496  -30 24 -19  2000 -0.915527
143798 2288 2264 13360  -30 24 -18  2000 -0.915527
143818 2080 2216 13320  -30 24 -18  2000 -0.915527
143839 2128 2384 13496  -30 24 -19  2000 -0.915527
143859 2336 2192 13448  -30 25 -20  2000 -0.915527
143879 2152 2056 13416  -30 24 -19  2000 -0.915527
143899 2312 2048 13344  -30 24 -19  2000 -0.915527
143919 2232 2240 13440  -30 23 -20  2000 -0.915527
143940 2240 2344 13344  -30 24 -18  2000 -0.915527
143960 2264 2112 13456  -30 24 -19  2000 -0.915527
143980 2088 2240 13600  -30 24 -20  2000 -0.915527
144000 2216 2360 13568  -30 23 -20  2000 -0.915527
144021 2208 2136 13304  -30 24 -20  2000 -0.915527
144041 2400 2184 13528  -31 24 -20  2000 -0.946045
144061 2216 2208 13520  -31 24 -19  2000 -0.946045
144081 2312 2240 13288  -31 23 -19  2000 -0.946045
144102 2248 2104 13320  -31 24 -19  2000 -0.946045
144122 2160 2264 13264  -30 24 -19  2000 -0.915527
144142 2312 2216 13528  -30 24 -20  2000 -0.915527
144162 2128 2144 13376  -31 24 -19  2000 -0.946045
144183 2216 2272 13352  -30 24 -20  2000 -0.915527
144203 2280 2152 13536  -30 24 -20  2000 -0.915527
144223 2144 2304 13584  -30 25 -20  2000 -0.915527
144243 2248 2224 13488  -29 23 -19  2000 -0.885010
144263 2288 2224 13368  -30 23 -20  2000 -0.915527
144284 2216 2320 13520  -31 24 -19  2000 -0.946045
144304 2104 2272 13440  -30 24 -19  2000 -0.915527
144324 2328 2272 13296  -30 24 -19  2000 -0.915527
144344 2256 2280 13256  -30 24 -20  2000 -0.915527
144365 2272 2112 13288  -30 24 -20  2000 -0.915527
144385 2256 2216 13488  -31 24 -19  2000 -0.946045
144405 2288 2184 13520  -31 24 -18  2000 -0.946045
144425 2176 2328 13528  -31 23 -20  2000 -0.946045
144446 2312 2184 13488  -30 25 -19  2000 -0.915527
144466 2168 2128 13352  -30 25 -20  2000 -0.915527
144486 2240 2344 13416  -30 24 -19  2000 -0.915527
144506 2232 2288 13584  -30 23 -19  2000 -0.915527
144527 2208 2288 13408  -31 23 -19  2000 -0.946045
144547 2208 2296 13344  -30 24 -19  2000 -0.915527
144567 2256 2272 13264  -30 25 -19  2000 -0.915527
144587 2152 2168 13448  -30 24 -18  2000 -0.915527
144608 2208 2232 13312  -30 24 -18  2000 -0.915527
144628 2152 2128 13440  -30 25 -19  2000 -0.915527
144648 2192 2200 13496  -29 25 -18  2000 -0.885010
144668 2272 2344 13448  -30 23 -19  2000 -0.915527
144688 2208 2232 13224  -30 24 -19  2000 -0.915527
144709 2192 2088 13552  -31 25 -19  2000 -0.946045
144729 2240 2224 13464  -30 24 -19  2000 -0.915527
144749 2208 2264 13368  -30 23 -19  2000 -0.915527
144769 2312 2304 13568  -30 24 -19  2000 -0.915527
144790 2136 2288 13480  -31 24 -19  2000 -0.946045
144810 2296 2144 13480  -31 25 -19  2000 -0.946045
144830 2096 2208 13448  -30 24 -19  2000 -0.915527
144850 2264 2288 13288  -30 24 -19  2000 -0.915527
144871 2256 2240 13408  -31 24 -17  2000 -0.946045
144891 2352 2176 13600  -30 25 -19  2000 -0.915527
144911 2192 2320 13360  -31 24 -19  2000 -0.946045
144931 2208 2272 13320  -31 24 -19  2000 -0.946045
144952 2408 2232 13368  -30 24 -19  2000 -0.915527
144972 2280 2344 13304  -30 24 -18  2000 -0.915527
144992 2256 2160 13416  -30 24 -18  2000 -0.915527
145012 2248 2360 13568  -30 24 -19  2000 -0.915527
145032 2264 2136 13304  -30 24 -20  2000 -0.915527
145053 2240 2328 13368  -30 24 -20  2000 -0.915527
145073 2336 2272 13224  -30 24 -19  2000 -0.915527
145093 2208 2296 13624  -30 24 -19  2000 -0.915527
145113 2136 2144 13536  -31 24 -19  2000 -0.946045
145134 2280 2160 13504  -31 24 -19  2000 -0.946045
145154 2216 2296 13312  -31 24 -20  2000 -0.946045
145174 2264 2176 13224  -30 24 -19  2000 -0.915527
145194 2088 2208 13656  -30 23 -19  2000 -0.915527
145215 2216 2160 13520  -31 24 -19  2000 -0.946045
145235 2208 2144 13304  -31 25 -19  2000 -0.946045
145255 2312 2112 13544  -31 25 -20  2000 -0.946045
145275 2184 2344 13632  -31 24 -20  2000 -0.946045
145296 2288 2200 13368  -31 23 -19  2000 -0.946045
145316 2264 2144 13616  -30 23 -19  2000 -0.915527
145336 2312 2336 13416  -30 23 -20  2000 -0.915527
145356 2160 2176 13464  -30 24 -19  2000 -0.915527
145376 2256 2344 13456  -30 23 -19  2000 -0.915527
145397 2224 2224 13504  -31 24 -20  2000 -0.946045
145417 2160 2224 13264  -30 23 -20  2000 -0.915527
145437 2264 2128 13448  -30 24 -20  2000 -0.915527
145457 2288 2232 13360  -31 24 -19  2000 -0.946045
145478 2144 2240 13256  -30 24 -19  2000 -0.915527
145498 2192 2200 13520  -30 25 -18  2000 -0.915527
145518 2288 2304 13448  -31 24 -19  2000 -0.946045
145538 2048 2216 13600  -30 24 -18  2000 -0.915527
145559 2136 2216 13488  -30 24 -19  2000 -0.915527
145579 2192 2304 13336  -31 24 -19  2000 -0.946045
145599 2216 2104 13256  -30 24 -19  2000 -0.915527
145619 2216 2176 13408  -29 24 -19  2000 -0.885010
145640 2224 2360 13672  -31 24 -19  2000 -0.946045
145660 2216 2344 13440  -31 24 -19  2000 -0.946045
145680 2216 2240 13544  -30 24 -19  2000 -0.915527
145700 2232 2272 13568  -30 24 -19  2000 -0.915527
145720 2256 2456 13456  -31 25 -19  2000 -0.946045
145741 2376 2240 13528  -30 24 -19  2000 -0.915527
145761 2296 2224 13328  -29 24 -19  2000 -0.885010
145781 2176 2152 13328  -30 24 -19  2000 -0.915527
145801 2192 2136 13400  -31 24 -18  2000 -0.946045
145822 2280 2200 13568  -31 24 -20  2000 -0.946045
145842 2192 2152 13552  -30 24 -19  2000 -0.915527
145862 2224 2192 13656  -30 24 -20  2000 -0.915527
145882 2184 2168 13264  -31 24 -19  2000 -0.946045
145903 2144 2120 13296  -30 24 -19  2000 -0.915527
145923 2184 2192 13336  -30 25 -19  2000 -0.915527
145943 2168 2192 13632  -30 24 -20  2000 -0.915527
145963 2232 2256 13376  -30 24 -19  2000 -0.915527
145984 2224 2104 13448  -30 24 -19  2000 -0.915527
146004 2320 2136 13448  -31 23 -19  2000 -0.946045
146024 2344 2128 13368  -30 23 -19  2000 -0.915527
146044 2248 2208 13568  -30 24 -19  2000 -0.915527
146064 2248 2192 13616  -31 24 -19  2000 -0.946045
146085 2320 2112 13392  -30 24 -19  2000 -0.915527
146105 2264 2176 13392  -29 24 -19  2000 -0.885010
146125 2240 2200 13560  -30 24 -19  2000 -0.915527
146145 2280 2176 13256  -31 24 -20  2000 -0.946045
146166 2280 2304 13528  -31 24 -19  2000 -0.946045
146186 2240 2192 13360  -31 23 -20  2000 -0.946045
146206 2208 2328 13376  -31 24 -19  2000 -0.946045
146226 2376 2232 13288  -29 24 -19  2000 -0.885010
146247 2128 2296 13400  -31 24 -18  2000 -0.946045
146267 2112 2280 13560  -30 24 -19  2000 -0.915527
146287 2256 2216 13240  -30 24 -19  2000 -0.915527
146307 2256 2184 13416  -30 23 -19  2000 -0.915527
146328 2272 2096 13448  -29 24 -19  2000 -0.885010
146348 2256 2376 13584  -30 25 -19  2000 -0.915527
146368 2272 2320 13376  -30 23 -19  2000 -0.915527
146388 2032 2160 13480  -30 23 -19  2000 -0.915527
146408 2192 2136 13496  -31 24 -19  2000 -0.946045
146429 2232 2176 13440  -31 25 -20  2000 -0.946045
146449 2224 2296 13480  -30 25 -19  2000 -0.915527
146469 2264 2256 13768  -30 24 -19  2000 -0.915527
146489 2280 2192 13504  -30 24 -19  2000 -0.915527
146510 2248 2128 13392  -30 24 -19  2000 -0.915527
146530 2184 2168 13320  -31 24 -19  2000 -0.946045
146550 2216 2184 13232  -30 24 -19  2000 -0.915527
146570 2120 2280 13432  -29 23 -19  2000 -0.885010
146591 2288 2160 13488  -30 23 -20  2000 -0.915527
146611 2344 2136 13544  -30 24 -19  2000 -0.915527
146631 2120 2320 13512  -29 24 -19  2000 -0.885010
146651 2256 2136 13640  -30 23 -19  2000 -0.915527
146672 2088 2120 13208  -30 24 -19  2000 -0.915527
146692 2144 2208 13128  -30 24 -19  2000 -0.915527
146712 2392 2216 13288  -29 25 -19  2000 -0.885010
146732 2104 2168 13456  -30 24 -19  2000 -0.915527
146752 2208 2200 13376  -30 24 -19  2000 -0.915527
146773 2272 2320 13608  -29 24 -19  2000 -0.885010
146793 2200 2240 13392  -30 24 -19  2000 -0.915527
146813 2120 2448 13448  -30 25 -20  2000 -0.915527
146833 2104 2208 13368  -30 24 -19  2000 -0.915527
146854 2368 2312 13280  -30 24 -18  2000 -0.915527
146874 2200 2224 13144  -30 25 -18  2000 -0.915527
146894 2328 2272 13440  -31 24 -20  2000 -0.946045
146914 2280 2240 13392  -31 23 -18  2000 -0.946045
146935 2160 2152 13288  -30 23 -19  2000 -0.915527
146955 2152 2224 13352  -31 23 -19  2000 -0.946045
146975 2264 2304 13488  -31 24 -20  2000 -0.946045
146995 2216 2136 13632  -30 25 -19  2000 -0.915527
147016 2288 2312 13424  -30 25 -20  2000 -0.915527
147036 2120 2264 13536  -32 25 -18  2000 -0.976562
147056 2136 2192 13352  -30 25 -17  2000 -0.915527
147076 2232 2152 13504  -31 24 -20  2000 -0.946045
147097 2176 2176 13528  -30 24 -19  2000 -0.915527
147117 2088 2288 13496  -30 25 -19  2000 -0.915527
147137 2208 2312 13432  -32 24 -19  2000 -0.976562
147157 2280 2232 13352  -31 25 -19  2000 -0.946045
147177 2312 2336 13368  -31 24 -19  2000 -0.946045
147198 2224 2232 13256  -30 24 -18  2000 -0.915527
147218 2368 2192 13392  -29 24 -18  2000 -0.885010
147238 2240 2224 13368  -29 24 -20  2000 -0.885010
147258 2064 2184 13496  -30 25 -19  2000 -0.915527
147279 2336 2240 13384  -31 24 -19  2000 -0.946045
147299 2264 2192 13456  -30 25 -19  2000 -0.915527
147319 2264 2208 13368  -30 24 -19  2000 -0.915527
147339 2232 2152 13392  -31 24 -20  2000 -0.946045
147360 2360 2192 13320  -30 24 -19  2000 -0.915527
147380 2272 2152 13360  -30 24 -19  2000 -0.915527
147400 2280 2144 13280  -29 24 -19  2000 -0.885010
147420 2312 2032 13448  -30 24 -19  2000 -0.915527
147441 2176 2184 13488  -30 23 -19  2000 -0.915527
147461 2288 2200 13336  -31 24 -19  2000 -0.946045
147481 2272 2104 13424  -30 23 -19  2000 -0.915527
147501 2144 2304 13600  -30 24 -19  2000 -0.915527
147521 2208 2160 13304  -31 25 -19  2000 -0.946045
147542 2240 2336 13384  -30 24 -20  2000 -0.915527
147562 2280 2272 13312  -30 24 -19  2000 -0.915527
147582 2320 2280 13424  -30 24 -19  2000 -0.915527
147602 2176 2056 13408  -30 23 -20  2000 -0.915527
147623 2128 2224 13352  -30 24 -20  2000 -0.915527
147643 2264 2080 13272  -30 23 -20  2000 -0.915527
147663 2352 2288 13384  -29 25 -19  2000 -0.885010
147683 2336 2264 13384  -30 24 -19  2000 -0.915527
147704 2224 2224 13400  -31 24 -20  2000 -0.946045
147724 2104 2168 13432  -29 24 -20  2000 -0.885010
147744 2184 2144 13608  -29 24 -19  2000 -0.885010
147764 2136 2200 13536  -30 24 -18  2000 -0.915527
147785 2184 2280 13368  -30 24 -18  2000 -0.915527
147805 2272 2120 13496  -29 24 -20  2000 -0.885010
147825 2296 2152 13656  -30 23 -19  2000 -0.915527
147845 2264 2256 13520  -31 24 -19  2000 -0.946045
147865 2216 2200 13336  -30 24 -19  2000 -0.915527
147886 2224 2120 13512  -29 24 -19  2000 -0.885010
147906 2160 2272 13448  -31 23 -19  2000 -0.946045
147926 2216 2184 13416  -30 25 -20  2000 -0.915527
147946 2320 2152 13408  -31 24 -20  2000 -0.946045
147967 2288 2256 13528  -31 23 -19  2000 -0.946045
147987 2272 2168 13464  -30 24 -19  2000 -0.915527
148007 2248 2240 13456  -30 24 -19  2000 -0.915527
148027 2216 2240 13376  -30 24 -19  2000 -0.915527
148048 2200 2176 13608  -30 24 -19  2000 -0.915527
148068 2264 2312 13224  -30 24 -20  2000 -0.915527
148088 2120 2312 13416  -30 23 -19  2000 -0.915527
148108 2152 2240 13368  -30 23 -19  2000 -0.915527
148129 2072 2184 13568  -29 24 -18  2000 -0.885010
148149 2264 2280 13360  -30 24 -20  2000 -0.915527
148169 2320 2104 13648  -30 24 -19  2000 -0.915527
148189 2280 2192 13440  -30 24 -19  2000 -0.915527
148210 2320 2280 13416  -30 24 -20  2000 -0.915527
148230 2328 2280 13544  -30 24 -20  2000 -0.915527
148250 2264 2104 13592  -30 23 -19  2000 -0.915527
148270 2336 2208 13320  -30 24 -20  2000 -0.915527
148290 2312 2208 13680  -31 25 -19  2000 -0.946045
148311 2248 2112 13408  -29 24 -19  2000 -0.885010
148331 2176 2136 13640  -30 24 -19  2000 -0.915527
148351 2280 2192 13560  -30 24 -19  2000 -0.915527
148371 2328 2216 13248  -30 24 -19  2000 -0.915527
148392 2256 2168 13456  -31 24 -19  2000 -0.946045
148412 2192 2256 13560  -30 24 -19  2000 -0.915527
148432 2200 2272 13440  -30 25 -19  2000 -0.915527
148452 2296 2288 13304  -31 25 -19  2000 -0.946045
148473 2144 2264 13464  -30 24 -20  2000 -0.915527
148493 2160 2192 13480  -30 24 -19  2000 -0.915527
148513 2240 2176 13432  -31 24 -18  2000 -0.946045
148533 2208 2216 13368  -30 22 -19  2000 -0.915527
148554 2360 2240 13304  -29 24 -19  2000 -0.885010
148574 2168 2176 13376  -30 24 -18  2000 -0.915527
148594 2120 2184 13672  -30 24 -19  2000 -0.915527
148614 2272 2272 13360  -31 24 -19  2000 -0.946045
148634 2232 2136 13240  -31 25 -19  2000 -0.946045
148655 2336 2232 13432  -31 24 -19  2000 -0.946045
148675 2264 2216 13416  -30 24 -20  2000 -0.915527
148695 2176 2216 13592  -30 24 -19  2000 -0.915527
148715 2288 2296 13448  -30 25 -18  2000 -0.915527
148736 2208 2272 13224  -30 24 -18  2000 -0.915527
148756 2256 2304 13232  -30 24 -18  2000 -0.915527
148776 2320 2256 13536  -30 24 -18  2000 -0.915527
148796 2208 2304 13496  -30 24 -18  2000 -0.915527
148817 2224 2200 13296  -30 24 -19  2000 -0.915527
148837 2224 2184 13288  -31 23 -19  2000 -0.946045
148857 2240 2184 13336  -32 24 -19  2000 -0.976562
148877 2288 2280 13448  -30 24 -19  2000 -0.915527
148898 2120 2184 13432  -30 24 -19  2000 -0.915527
148918 2176 2240 13280  -29 24 -19  2000 -0.885010
148938 2128 2288 13664  -30 23 -18  2000 -0.915527
148958 2168 2272 13392  -30 24 -19  2000 -0.915527
148978 2224 2208 13584  -30 23 -19  2000 -0.915527
148999 2144 2176 13416  -30 23 -18  2000 -0.915527
149019 2224 2080 13480  -29 24 -18  2000 -0.885010
149039 2312 2256 13400  -30 24 -19  2000 -0.915527
149059 2208 2128 13312  -31 25 -19  2000 -0.946045
149080 2248 2200 13512  -31 25 -19  2000 -0.946045
149100 2288 2216 13168  -30 23 -19  2000 -0.915527
149120 2288 2160 13560  -30 24 -18  2000 -0.915527
149140 2200 2192 13568  -31 24 -19  2000 -0.946045
149161 2200 2288 13352  -30 25 -19  2000 -0.915527
149181 2328 2328 13520  -30 24 -20  2000 -0.915527
149201 2176 2312 13568  -31 24 -19  2000 -0.946045
149221 2192 2056 13520  -30 25 -19  2000 -0.915527
149242 2192 2192 13368  -29 25 -20  2000 -0.885010
149262 2232 2200 13576  -29 25 -19  2000 -0.885010
149282 2240 2168 13336  -30 24 -19  2000 -0.915527
149302 2248 2224 13480  -30 24 -19  2000 -0.915527
149322 2320 2216 13384  -31 24 -19  2000 -0.946045
149343 2272 2112 13488  -30 24 -19  2000 -0.915527
149363 2096 2240 13528  -30 24 -19  2000 -0.915527
149383 2344 2256 13552  -31 24 -19  2000 -0.946045
149403 2136 2280 13240  -30 24 -19  2000 -0.915527
149424 2296 2312 13584  -30 23 -19  2000 -0.915527
149444 2096 2296 13512  -30 24 -19  2000 -0.915527
149464 2232 2240 13480  -30 24 -19  2000 -0.915527
149484 2248 2216 13408  -31 24 -19  2000 -0.946045
149505 2152 2272 13280  -29 23 -20  2000 -0.885010
149525 2128 2184 13240  -31 24 -20  2000 -0.946045
149545 2176 2136 13560  -30 24 -18  2000 -0.915527
149565 2224 2280 13336  -30 24 -20  2000 -0.915527
149586 2168 2328 13408  -30 24 -19  2000 -0.915527
149606 2216 2176 13640  -31 24 -20  2000 -0.946045
149626 2096 2152 13504  -30 24 -19  2000 -0.915527
149646 2336 2424 13456  -31 24 -19  2000 -0.946045
149667 2264 2176 13488  -31 24 -19  2000 -0.946045
149687 2272 2272 13384  -31 24 -19  2000 -0.946045
149707 2224 2288 13640  -31 24 -19  2000 -0.946045
149727 2336 1944 13600  -30 24 -18  2000 -0.915527
149747 2256 2128 13296  -29 24 -18  2000 -0.885010
149768 2072 2184 13304  -29 25 -18  2000 -0.885010
149788 2352 1960 13392  -30 24 -20  2000 -0.915527
149808 2200 2136 13424  -30 24 -19  2000 -0.915527
149828 2152 2272 13632  -30 25 -19  2000 -0.915527
149849 2272 2264 13608  -30 24 -19  2000 -0.915527
149869 2296 2256 13632  -31 24 -20  2000 -0.946045
149889 2352 2184 13272  -31 23 -20  2000 -0.946045
149909 2288 2200 13264  -29 24 -19  2000 -0.885010
149930 2208 2344 13384  -30 23 -19  2000 -0.915527
149950 2240 2184 13464  -30 24 -19  2000 -0.915527
149970 2184 2336 13448  -30 24 -19  2000 -0.915527
149990 2224 2320 13640  -30 24 -20  2000 -0.915527
150011 2224 2304 13384  -29 25 -19  2000 -0.885010
150031 2248 2088 13552  -30 24 -19  2000 -0.915527
150051 2376 2104 13376  -30 24 -19  2000 -0.915527
150071 2256 2256 13296  -30 24 -20  2000 -0.915527
150091 2208 2144 13616  -29 24 -20  2000 -0.885010
150112 2128 2216 13416  -29 24 -19  2000 -0.885010
150132 2080 2168 13360  -31 24 -18  2000 -0.946045
150152 2128 2296 13392  -30 24 -18  2000 -0.915527
150172 2208 2120 13368  -29 24 -19  2000 -0.885010
150193 2192 2256 13440  -31 24 -19  2000 -0.946045
150213 2224 2200 13488  -31 23 -19  2000 -0.946045
150233 2088 2296 13456  -30 23 -19  2000 -0.915527
150253 2200 2104 13480  -30 24 -19  2000 -0.915527
150274 2152 2200 13520  -31 24 -19  2000 -0.946045
150294 2272 2448 13616  -30 23 -19  2000 -0.915527
150314 2288 2232 13464  -30 24 -20  2000 -0.915527
150334 2280 2256 13632  -30 24 -19  2000 -0.915527
150355 2176 2184 13400  -30 23 -20  2000 -0.915527
150375 2320 2128 13552  -30 24 -19  2000 -0.915527
150395 2312 2064 13328  -30 25 -19  2000 -0.915527
150415 2344 2224 13504  -30 24 -19  2000 -0.915527
150435 2264 2128 13376  -30 24 -19  2000 -0.915527
150456 2296 2096 13264  -30 23 -20  2000 -0.915527
150476 2200 2160 13248  -31 23 -20  2000 -0.946045
150496 2272 2112 13376  -30 23 -19  2000 -0.915527
150516 2232 2192 13336  -29 23 -20  2000 -0.885010
150537 2296 2144 13520  -30 24 -20  2000 -0.915527
150557 2152 2280 13384  -30 24 -19  2000 -0.915527
150577 2264 2136 13440  -30 24 -19  2000 -0.915527
150597 2256 2176 13448  -30 24 -19  2000 -0.915527
150618 2176 2288 13600  -29 25 -19  2000 -0.885010
150638 2312 2416 13456  -30 24 -19  2000 -0.915527
150658 2264 2176 13520  -30 25 -19  2000 -0.915527
150678 2280 2144 13448  -31 24 -19  2000 -0.946045
150699 2240 2216 13232  -31 23 -18  2000 -0.946045
150719 2216 2264 13664  -30 23 -19  2000 -0.915527
150739 2200 2312 13240  -30 23 -18  2000 -0.915527
150759 2280 2064 13304  -29 23 -19  2000 -0.885010
150780 2136 2288 13272  -30 24 -20  2000 -0.915527
150800 2272 2264 13424  -30 24 -19  2000 -0.915527
150820 2208 2192 13424  -31 24 -19  2000 -0.946045
150840 2232 2208 13536  -30 24 -19  2000 -0.915527
150860 2112 2256 13424  -30 24 -19  2000 -0.915527
150881 2320 2232 13464  -30 24 -18  2000 -0.915527
150901 2152 2256 13528  -31 24 -19  2000 -0.946045
150921 2224 2128 13424  -30 24 -18  2000 -0.915527
150941 2168 2176 13272  -30 23 -19  2000 -0.915527
150962 2248 2160 13616  -31 23 -19  2000 -0.946045
150982 2216 2256 13368  -31 23 -18  2000 -0.946045
151002 2216 2112 13448  -30 24 -19  2000 -0.915527
151022 2232 2224 13456  -30 25 -19  2000 -0.915527
151043 2192 2256 13576  -31 24 -19  2000 -0.946045
151063 2264 2144 13336  -31 24 -19  2000 -0.946045
151083 2168 2296 13512  -31 25 -19  2000 -0.946045
151103 2192 2256 13576  -30 24 -19  2000 -0.915527
151124 2232 2208 13408  -29 24 -19  2000 -0.885010
151144 2328 2200 13368  -31 24 -19  2000 -0.946045
151164 2248 2168 13488  -30 24 -19  2000 -0.915527
151184 2088 2240 13392  -30 24 -19  2000 -0.915527
151204 2064 2192 13432  -30 23 -20  2000 -0.915527
151225 2224 2200 13552  -29 24 -20  2000 -0.885010
151245 2256 2200 13440  -30 25 -19  2000 -0.915527
151265 2312 2216 13512  -30 25 -20  2000 -0.915527
151285 2168 2272 13296  -30 24 -19  2000 -0.915527
151306 2192 2400 13552  -30 24 -19  2000 -0.915527
151326 2216 2240 13488  -31 24 -19  2000 -0.946045
151346 2208 2304 13424  -30 24 -19  2000 -0.915527
151366 2216 2208 13440  -30 24 -19  2000 -0.915527
151387 2096 2192 13448  -30 24 -19  2000 -0.915527
151407 2256 2272 13544  -31 24 -20  2000 -0.946045
151427 2176 2024 13408  -30 24 -20  2000 -0.915527
151447 2272 2208 13504  -30 24 -20  2000 -0.915527
151468 2280 2120 13600  -29 23 -19  2000 -0.885010
151488 2160 2144 13344  -30 23 -19  2000 -0.915527
151508 2160 2296 13264  -30 24 -20  2000 -0.915527
151528 2120 2288 13432  -29 25 -20  2000 -0.885010
151548 2160 2184 13736  -30 24 -19  2000 -0.915527
151569 2256 2152 13600  -30 24 -19  2000 -0.915527
151589 2248 2176 13496  -30 24 -19  2000 -0.915527
151609 2088 2056 13536  -30 24 -19  2000 -0.915527
151629 2136 2144 13360  -30 24 -19  2000 -0.915527
151650 2272 2256 13456  -30 24 -19  2000 -0.915527
151670 2328 2168 13584  -31 25 -20  2000 -0.946045
151690 2224 2224 13344  -30 24 -20  2000 -0.915527
151710 2328 2256 13408  -31 24 -20  2000 -0.946045
151731 2368 2032 13456  -31 24 -19  2000 -0.946045
151751 2312 2128 13408  -30 24 -19  2000 -0.915527
151771 2328 2192 13408  -31 24 -19  2000 -0.946045
151791 2296 2320 13368  -30 25 -18  2000 -0.915527
151812 2208 2224 13400  -30 24 -19  2000 -0.915527
151832 2176 2208 13664  -30 24 -19  2000 -0.915527
151852 2128 2336 13568  -30 24 -19  2000 -0.915527
151872 2224 2264 13392  -30 24 -19  2000 -0.915527
151893 2320 2216 13600  -31 24 -19  2000 -0.946045
151913 2256 2288 13344  -30 23 -19  2000 -0.915527
151933 2240 2224 13336  -30 24 -19  2000 -0.915527
151953 2192 2112 13480  -30 24 -19  2000 -0.915527
151973 2200 2256 13536  -30 25 -19  2000 -0.915527
151994 2264 2216 13384  -31 23 -19  2000 -0.946045
152014 2264 2304 13456  -31 24 -19  2000 -0.946045
152034 2224 2072 13480  -31 24 -19  2000 -0.946045
152054 2280 2128 13392  -31 24 -20  2000 -0.946045
152075 2280 2232 13400  -31 25 -20  2000 -0.946045
152095 2328 2232 13408  -30 24 -19  2000 -0.915527
152115 2200 2440 13448  -30 24 -20  2000 -0.915527
152135 2088 2040 13584  -31 24 -20  2000 -0.946045
152156 2184 2232 13488  -30 24 -19  2000 -0.915527
152176 2176 2184 13536  -31 24 -20  2000 -0.946045
152196 2344 2336 13344  -30 24 -20  2000 -0.915527
152216 2344 2320 13400  -30 23 -18  2000 -0.915527
152237 2208 2216 13392  -30 24 -18  2000 -0.915527
152257 2312 2168 13512  -30 24 -19  2000 -0.915527
152277 2264 2128 13296  -30 24 -19  2000 -0.915527
152297 2192 2096 13496  -30 23 -19  2000 -0.915527
152317 2264 2352 13360  -31 24 -19  2000 -0.946045
152338 2248 2280 13512  -30 24 -19  2000 -0.915527
152358 2136 2200 13128  -30 25 -19  2000 -0.915527
152378 2160 2240 13392  -31 24 -18  2000 -0.946045
152398 2152 2296 13488  -30 24 -20  2000 -0.915527
152419 2184 2280 13464  -30 24 -20  2000 -0.915527
152439 2200 2288 13496  -30 24 -20  2000 -0.915527
152459 2152 2152 13304  -30 24 -19  2000 -0.915527
152479 2128 2224 13640  -30 25 -19  2000 -0.915527
152500 2264 2392 13496  -31 25 -19  2000 -0.946045
152520 2288 2200 13240  -30 24 -19  2000 -0.915527
152540 2136 2328 13320  -30 24 -20  2000 -0.915527
152560 2136 1848 13272  -30 24 -20  2000 -0.915527
152581 2200 2264 13440  -30 24 -19  2000 -0.915527
152601 2280 2336 13480  -29 24 -20  2000 -0.885010
152621 2088 2320 13632  -29 24 -19  2000 -0.885010
152641 2248 2288 13352  -30 24 -20  2000 -0.915527
152661 2144 2088 13408  -30 24 -19  2000 -0.915527
152682 2216 2216 13256  -31 25 -19  2000 -0.946045
152702 2184 2264 13448  -30 25 -19  2000 -0.915527
152722 2240 2128 13184  -30 24 -19  2000 -0.915527
152742 2136 2264 13544  -30 24 -18  2000 -0.915527
152763 2240 2168 13576  -31 25 -19  2000 -0.946045
152783 2256 2080 13424  -31 25 -19  2000 -0.946045
152803 2160 2176 13608  -31 24 -20  2000 -0.946045
152823 2288 2304 13488  -30 23 -20  2000 -0.915527
152844 2184 2176 13136  -30 23 -20  2000 -0.915527
152864 2272 2192 13464  -31 24 -20  2000 -0.946045
152884 2120 2168 13448  -30 24 -20  2000 -0.915527
152904 2272 2072 13416  -30 24 -20  2000 -0.915527
152925 2136 2264 13384  -30 24 -19  2000 -0.915527
152945 2200 2176 13528  -30 25 -20  2000 -0.915527
152965 2344 2032 13608  -30 24 -19  2000 -0.915527
152985 2288 2288 13408  -31 24 -19  2000 -0.946045
153006 2208 2112 13496  -30 24 -19  2000 -0.915527
153026 2040 2256 13184  -30 24 -19  2000 -0.915527
153046 2136 2112 13432  -31 23 -19  2000 -0.946045
153066 2216 2200 13328  -30 24 -20  2000 -0.915527
153086 2160 2344 13584  -31 24 -20  2000 -0.946045
153107 2264 2192 13296  -31 24 -19  2000 -0.946045
153127 2224 2240 13408  -30 24 -18  2000 -0.915527
153147 2168 2280 13768  -30 25 -19  2000 -0.915527
153167 2288 2280 13296  -31 24 -20  2000 -0.946045
153188 2232 2128 13424  -30 24 -18  2000 -0.915527
153208 2288 2200 13424  -30 25 -19  2000 -0.915527
153228 2272 2128 13608  -30 24 -19  2000 -0.915527
153248 2264 2376 13304  -30 24 -20  2000 -0.915527
153269 2312 2168 13416  -31 24 -20  2000 -0.946045
153289 2200 2144 13320  -31 24 -19  2000 -0.946045
153309 2168 2176 13528  -31 25 -20  2000 -0.946045
153329 2272 2200 13488  -30 24 -18  2000 -0.915527
153350 2072 2344 13424  -30 25 -19  2000 -0.915527
153370 2352 2128 13400  -29 24 -19  2000 -0.885010
153390 2248 2192 13344  -29 24 -19  2000 -0.885010
153410 2032 2120 13488  -30 24 -19  2000 -0.915527
153430 2336 2208 13624  -31 23 -19  2000 -0.946045
153451 2224 2160 13328  -30 24 -19  2000 -0.915527
153471 2208 2192 13488  -31 24 -19  2000 -0.946045
153491 2064 2144 13496  -30 24 -19  2000 -0.915527
153511 2160 2104 13464  -30 25 -19  2000 -0.915527
153532 2312 2160 13392  -29 24 -19  2000 -0.885010
153552 2352 2432 13520  -30 24 -20  2000 -0.915527
153572 2216 2400 13480  -30 24 -19  2000 -0.915527
153592 2256 2208 13712  -30 24 -19  2000 -0.915527
153613 2360 2240 13328  -30 24 -19  2000 -0.915527
153633 2152 2240 13584  -31 24 -18  2000 -0.946045
153653 2280 2360 13296  -31 24 -19  2000 -0.946045
153673 2088 2312 13552  -31 24 -20  2000 -0.946045
153694 2200 2192 13584  -31 24 -19  2000 -0.946045
153714 2224 2272 13264  -31 24 -18  2000 -0.946045
153734 2232 2256 13432  -31 24 -19  2000 -0.946045
153754 2264 2272 13504  -29 25 -18  2000 -0.885010
153774 2184 2216 13616  -30 23 -19  2000 -0.915527
153795 2080 2272 13400  -30 25 -20  2000 -0.915527
153815 2096 2184 13504  -31 24 -19  2000 -0.946045
153835 2176 2232 13424  -31 24 -19  2000 -0.946045
153855 2200 2152 13384  -29 25 -19  2000 -0.885010
153876 2216 2352 13488  -30 24 -20  2000 -0.915527
153896 2328 2184 13376  -30 23 -19  2000 -0.915527
153916 2256 2176 13432  -30 24 -19  2000 -0.915527
153936 2160 2232 13280  -30 23 -20  2000 -0.915527
153957 2144 2304 13176  -30 25 -20  2000 -0.915527
153977 2272 2176 13408  -29 25 -20  2000 -0.885010
153997 2208 2296 13480  -29 23 -20  2000 -0.885010
154017 2240 2112 13504  -29 24 -19  2000 -0.885010
154038 2168 2136 13400  -29 24 -19  2000 -0.885010
154058 2008 2240 13296  -30 24 -19  2000 -0.915527
154078 2152 2272 13440  -30 24 -19  2000 -0.915527
154098 2264 2160 13408  -30 23 -20  2000 -0.915527
154118 2240 2152 13456  -30 24 -19  2000 -0.915527
154139 2224 2080 13432  -30 24 -20  2000 -0.915527
154159 2272 2312 13272  -31 24 -19  2000 -0.946045
154179 2232 2240 13320  -30 24 -20  2000 -0.915527
154199 2224 2264 13624  -30 24 -19  2000 -0.915527
154220 2200 2224 13520  -30 24 -20  2000 -0.915527
154240 2008 2184 13416  -30 24 -20  2000 -0.915527
154260 2208 2224 13368  -29 25 -19  2000 -0.885010
154280 2248 2080 13480  -29 24 -19  2000 -0.885010
154301 2320 2216 13608  -29 24 -19  2000 -0.885010
154321 2232 2224 13344  -30 23 -19  2000 -0.915527
154341 2248 2312 13616  -30 24 -18  2000 -0.915527
154361 2272 2040 13136  -30 24 -19  2000 -0.915527
154382 2360 2264 13496  -30 25 -19  2000 -0.915527
154402 2368 2184 13312  -30 25 -19  2000 -0.915527
154422 2176 2088 13424  -30 24 -19  2000 -0.915527
154442 2112 2344 13376  -29 25 -19  2000 -0.885010
154462 2312 2280 13240  -31 24 -20  2000 -0.946045
154483 2248 2216 13512  -32 24 -20  2000 -0.976562
154503 2192 2216 13560  -31 23 -19  2000 -0.946045
154523 2216 2240 13544  -31 24 -20  2000 -0.946045
154543 2288 2336 13216  -31 24 -19  2000 -0.946045
154564 2248 2208 13464  -31 24 -19  2000 -0.946045
154584 2216 2184 13496  -30 24 -20  2000 -0.915527
154604 2216 2256 13232  -31 24 -19  2000 -0.946045
154624 2176 2200 13624  -31 24 -18  2000 -0.946045
154645 2184 2224 13456  -30 25 -18  2000 -0.915527
154665 2224 2288 13568  -31 24 -20  2000 -0.946045
154685 2224 2368 13224  -30 24 -19  2000 -0.915527
154705 2136 2304 13304  -30 24 -20  2000 -0.915527
154726 2264 2088 13456  -30 24 -19  2000 -0.915527
154746 2224 2272 13536  -29 23 -20  2000 -0.885010
154766 2264 2416 13384  -30 24 -20  2000 -0.915527
154786 2184 2184 13088  -31 23 -19  2000 -0.946045
154806 2168 2232 13608  -31 25 -19  2000 -0.946045
154827 2312 2136 13496  -30 24 -18  2000 -0.915527
154847 2272 2224 13368  -31 24 -19  2000 -0.946045
154867 2168 2088 13648  -30 24 -19  2000 -0.915527
154887 2288 2256 13240  -30 24 -20  2000 -0.915527
154908 2216 2240 13288  -29 24 -19  2000 -0.885010
154928 2240 2232 13304  -30 25 -19  2000 -0.915527
154948 2112 2312 13496  -31 24 -19  2000 -0.946045
154968 2272 2216 13440  -30 24 -19  2000 -0.915527
154989 2336 2320 13280  -30 23 -19  2000 -0.915527
155009 2168 2280 13544  -31 24 -20  2000 -0.946045
155029 2312 2176 13384  -30 23 -20  2000 -0.915527
155049 2200 2288 13712  -31 24 -19  2000 -0.946045
155070 2232 2312 13440  -31 24 -19  2000 -0.946045
155090 2216 2160 13448  -31 24 -19  2000 -0.946045
155110 2280 2120 13112  -30 24 -19  2000 -0.915527
155130 2240 2096 13480  -31 24 -19  2000 -0.946045
155150 2256 2296 13264  -31 24 -19  2000 -0.946045
155171 2264 2280 13448  -31 24 -20  2000 -0.946045
155191 2136 2160 13488  -30 25 -19  2000 -0.915527
155211 2192 2144 13424  -31 24 -19  2000 -0.946045
155231 2128 2184 13368  -31 23 -19  2000 -0.946045
155252 2208 2376 13520  -30 25 -20  2000 -0.915527
155272 2104 2304 13416  -30 25 -19  2000 -0.915527
155292 2248 2240 13376  -29 25 -20  2000 -0.885010
155312 2224 2184 13344  -29 24 -19  2000 -0.885010
155333 2128 2128 13520  -30 24 -19  2000 -0.915527
155353 2096 2184 13536  -30 24 -20  2000 -0.915527
155373 2176 2144 13256  -30 25 -19  2000 -0.915527
155393 2312 2224 13360  -30 24 -20  2000 -0.915527
155414 2296 2224 13408  -30 24 -19  2000 -0.915527
155434 2192 2120 13352  -31 23 -19  2000 -0.946045
155454 2168 2280 13608  -30 23 -19  2000 -0.915527
155474 2352 2200 13144  -29 23 -20  2000 -0.885010
155494 2200 2144 13456  -30 25 -19  2000 -0.915527
155515 2176 2232 13424  -30 24 -19  2000 -0.915527
155535 2184 2200 13432  -29 25 -19  2000 -0.885010
155555 2176 2136 13512  -30 25 -19  2000 -0.915527
155575 2240 2152 13480  -31 25 -19  2000 -0.946045
155596 2224 2208 13600  -29 24 -19  2000 -0.885010
155616 2168 2168 13432  -30 24 -19  2000 -0.915527
155636 2216 2296 13328  -31 24 -20  2000 -0.946045
155656 2248 2280 13440  -30 24 -20  2000 -0.915527
155677 2232 2152 13552  -29 24 -19  2000 -0.885010
155697 2248 2040 13816  -31 24 -20  2000 -0.946045
155717 2144 2416 13328  -30 24 -19  2000 -0.915527
155737 2256 2304 13376  -29 24 -19  2000 -0.885010
155758 2176 2176 13800  -30 24 -19  2000 -0.915527
155778 2232 2296 13392  -31 24 -20  2000 -0.946045
155798 2232 2336 13408  -31 24 -19  2000 -0.946045
155818 2184 2064 13288  -30 24 -19  2000 -0.915527
155838 2144 2256 13448  -30 23 -19  2000 -0.915527
155859 2376 2216 13376  -30 24 -19  2000 -0.915527
155879 2272 2096 13376  -31 24 -19  2000 -0.946045
155899 2280 2200 13264  -31 24 -19  2000 -0.946045
155919 2328 2288 13456  -30 24 -20  2000 -0.915527
155940 2240 2224 13424  -30 24 -20  2000 -0.915527
155960 2168 2264 13152  -30 24 -19  2000 -0.915527
155980 2184 2136 13408  -29 25 -19  2000 -0.885010
156000 2144 2096 13464  -29 24 -19  2000 -0.885010
156021 2136 2152 13424  -30 24 -18  2000 -0.915527
156041 2312 2152 13592  -29 24 -19  2000 -0.885010
156061 2200 2296 13624  -30 25 -20  2000 -0.915527
156081 2384 2184 13480  -31 24 -19  2000 -0.946045
156102 2256 2144 13704  -30 23 -19  2000 -0.915527
156122 2256 2240 13544  -31 23 -18  2000 -0.946045
156142 2320 2184 13528  -31 23 -19  2000 -0.946045
156162 2352 2176 13464  -31 23 -20  2000 -0.946045
156182 2216 2192 13336  -31 24 -19  2000 -0.946045
156203 2216 2120 13416  -30 24 -19  2000 -0.915527
156223 2192 2144 13392  -30 24 -19  2000 -0.915527
156243 2160 2344 13512  -30 24 -20  2000 -0.915527
156263 2264 2184 13464  -30 24 -18  2000 -0.915527
156284 2176 2144 13424  -30 24 -20  2000 -0.915527
156304 2200 2216 13512  -30 24 -19  2000 -0.915527
156324 2240 2208 13448  -30 24 -19  2000 -0.915527
156344 2224 2160 13312  -32 24 -19  2000 -0.976562
156365 2128 2264 13432  -31 23 -19  2000 -0.946045
156385 2240 2240 13488  -31 24 -19  2000 -0.946045
156405 2200 2272 13456  -31 24 -20  2000 -0.946045
156425 2272 2240 13520  -30 24 -19  2000 -0.915527
156446 2280 2224 13216  -30 24 -19  2000 -0.915527
156466 2256 2152 13336  -30 25 -19  2000 -0.915527
156486 2136 2232 13456  -31 24 -20  2000 -0.946045
156506 2232 2208 13464  -30 24 -19  2000 -0.915527
156527 2296 2216 13456  -30 23 -19  2000 -0.915527
156547 2440 2144 13328  -31 24 -20  2000 -0.946045
156567 2280 2168 13152  -31 25 -20  2000 -0.946045
156587 2336 2192 13320  -30 25 -19  2000 -0.915527
156607 2200 2184 13296  -30 24 -20  2000 -0.915527
156628 2160 2264 13544  -31 24 -20  2000 -0.946045
156648 2248 2152 13312  -31 24 -19  2000 -0.946045
156668 2136 2128 13368  -31 24 -19  2000 -0.946045
156688 2272 2088 13424  -30 24 -19  2000 -0.915527
156709 2256 2120 13456  -30 24 -19  2000 -0.915527
156729 2352 2216 13408  -30 24 -18  2000 -0.915527
156749 2112 2264 13320  -31 23 -19  2000 -0.946045
156769 2176 2384 13504  -31 23 -19  2000 -0.946045
156790 2352 2216 13400  -31 23 -19  2000 -0.946045
156810 2256 2288 13408  -30 23 -20  2000 -0.915527
156830 2168 2160 13312  -30 24 -18  2000 -0.915527
156850 2216 2304 13368  -30 24 -20  2000 -0.915527
156871 2112 2200 13488  -30 24 -20  2000 -0.915527
156891 2400 2296 13528  -30 25 -19  2000 -0.915527
156911 2176 2344 13496  -31 23 -20  2000 -0.946045
156931 2208 2256 13728  -31 24 -19  2000 -0.946045
156951 2120 2200 13368  -30 24 -19  2000 -0.915527
156972 2256 2296 13344  -30 24 -19  2000 -0.915527
156992 2192 2072 13280  -31 24 -20  2000 -0.946045
157012 2384 2216 13448  -30 24 -20  2000 -0.915527
157032 2168 2264 13384  -31 24 -20  2000 -0.946045
157053 2264 2232 13552  -29 25 -20  2000 -0.885010
157073 2272 2240 13424  -30 23 -20  2000 -0.915527
157093 2336 2280 13456  -29 24 -18  2000 -0.885010
157113 2232 2304 13384  -30 24 -19  2000 -0.915527
157134 2232 2168 13560  -30 24 -19  2000 -0.915527
157154 2112 2120 13456  -30 24 -19  2000 -0.915527
157174 2232 2112 13216  -29 24 -19  2000 -0.885010
157194 2176 2304 13664  -31 24 -20  2000 -0.946045
157215 2216 2192 13520  -31 24 -19  2000 -0.946045
157235 2280 2336 13344  -31 23 -19  2000 -0.946045
157255 2208 2264 13480  -30 25 -19  2000 -0.915527
157275 2240 2144 13416  -30 24 -19  2000 -0.915527
157295 2192 2168 13392  -30 24 -18  2000 -0.915527
157316 2224 2280 13272  -31 24 -19  2000 -0.946045
157336 2208 2168 13504  -30 24 -20  2000 -0.915527
157356 2208 2160 13352  -30 24 -20  2000 -0.915527
157376 2192 2168 13416  -30 24 -20  2000 -0.915527
157397 2136 2312 13280  -30 24 -20  2000 -0.915527
157417 2320 2288 13360  -31 24 -19  2000 -0.946045
